25
-244 -908 410
1
-192 -904 415

-192 -904 415
1
-216 -824 410

-216 -824 410
1
-268 -816 415

-268 -816 415
1
-288 -592 390

-288 -592 390
1
-288 -532 381

-288 -532 381
1
-300 -468 395

-300 -468 395
1
-292 -392 390

-292 -392 390
1
-296 -300 400

-296 -300 400
1
-304 -200 395

-304 -200 395
1
-296 -108 395

-296 -108 395
1
-196 -580 381

-196 -580 381
1
-208 -524 390

-208 -524 390
1
-216 -456 381

-216 -456 381
1
-224 -380 390

-224 -380 390
1
-228 -288 390

-228 -288 390
1
-228 -200 381

-228 -200 381
1
-220 -112 376

-220 -112 376
1
-112 -568 400

-112 -568 400
1
-124 -512 390

-124 -512 390
1
-132 -448 395

-132 -448 395
1
-136 -368 390

-136 -368 390
1
-152 -280 395

-152 -280 395
1
-156 -192 395

-156 -192 395
1
-164 -116 400

-164 -116 400
0
